|    |   e_PH in kJ/kg |   e_T in kJ/kg |   e_M in kJ/kg |   E_PH in kW |   E_T in kW |   E_M in kW |
|:---|----------------:|---------------:|---------------:|-------------:|------------:|------------:|
| 0  |             5.8 |            5.8 |            0.0 |        23.98 |       23.98 |        0.00 |
| 1  |             5.8 |            5.8 |            0.0 |        23.98 |       23.98 |        0.00 |
| 2  |           163.9 |           22.1 |          141.8 |       674.08 |       90.85 |      583.23 |
| 3  |           137.8 |            0.2 |          137.6 |       566.77 |        0.68 |      566.09 |
| 4  |            17.1 |           12.9 |            4.2 |        70.28 |       53.11 |       17.17 |
| 11 |             2.2 |            2.2 |            0.0 |        22.31 |       22.31 |        0.00 |
| 12 |             3.8 |            3.8 |            0.0 |        37.82 |       37.82 |        0.00 |
| 21 |             0.1 |           -0.0 |            0.1 |         0.40 |       -0.00 |        0.40 |
| 22 |             1.6 |            1.5 |            0.1 |        12.47 |       12.07 |        0.40 |